100

Na 6.586015 11.614245 8.174823 
Na 7.029919 0.989952 -8.915426 
Na 6.699944 2.414410 11.472628 
Na -1.795647 7.108484 6.850891 
Na -10.217956 -2.244046 5.988047 
Na -0.228130 -7.647477 -11.873639 
Na -10.076798 2.938230 -10.924811 
Na 12.743977 7.744182 2.027299 
Na 6.091529 8.417558 -5.727460 
Na 5.144526 -3.966507 6.876736 
Na 9.229100 -10.266563 -3.708854 
Na 1.552618 3.719833 1.155583 
Na -5.459334 -9.508297 6.508107 
Na -4.332973 -6.585095 -3.553663 
Na 12.769515 -4.707952 6.030950 
Na -11.628972 -11.616422 1.448508 
Na -4.356433 11.353281 -9.547919 
Na -4.592912 -0.273093 2.219011 
Na 4.698234 -5.571365 -9.843200 
Na -3.746553 -9.478081 10.368336 
Na -10.238446 -0.811054 -9.216759 
Na -0.792110 9.931162 -3.057877 
Na 3.398409 9.700676 5.234171 
Na -3.570641 11.071704 6.617749 
Na -11.670051 8.245623 -4.531163 
Na 0.815523 -9.347289 8.195744 
Na -9.965467 8.350946 -10.375621 
Na -6.808667 3.448809 11.605632 
Na -12.932034 12.702256 -10.872449 
Na 10.436301 -10.536190 1.316497 
Na -11.780458 1.671700 -1.752342 
Na 10.013584 -0.622663 -0.264691 
Na 1.984613 0.707286 -5.019068 
Na 5.649194 -8.442658 -6.015411 
Na 8.273572 -2.251325 10.433399 
Na 8.570910 7.634148 6.341275 
Na 9.274591 -2.971819 -5.074633 
Na -8.744476 -5.518369 -3.551825 
Na 2.889168 -12.869176 1.005517 
Na 9.873757 8.404397 11.754192 
Na 7.307155 2.283601 -3.429167 
Na 4.042275 8.613608 -11.703742 
Na -6.504539 -8.756956 2.003956 
Na -12.286458 -12.482364 12.032137 
Na -5.462341 12.641766 2.421072 
Na -9.531935 11.296482 -2.875166 
Na -0.567590 -7.494516 1.885514 
Na -1.535453 1.144393 6.658674 
Na 4.978315 -6.768523 1.321000 
Na -12.328104 4.170871 4.700323 
Cl 5.863988 6.367556 1.956463 
Cl -6.222227 -6.303515 10.550372 
Cl -3.499955 -3.565849 8.421190 
Cl -11.799631 -11.561362 -11.990313 
Cl 9.186741 9.066071 -0.160416 
Cl -1.498561 1.930058 -6.792860 
Cl 0.710847 2.625013 10.306835 
Cl -9.693893 5.066074 9.164352 
Cl 2.000871 -5.611965 -6.696301 
Cl -1.822568 7.531042 11.500105 
Cl -6.401378 8.731410 12.938743 
Cl -12.344968 -9.122508 -4.850010 
Cl -11.995373 10.344074 7.177790 
Cl -7.992053 -12.349819 -0.756136 
Cl -5.154521 8.767870 -3.927006 
Cl 1.267133 -11.051883 12.374226 
Cl -1.244138 -11.991874 5.062206 
Cl -6.318791 8.988926 1.024733 
Cl -5.511931 -9.681798 -7.846043 
Cl 12.550275 -3.000589 -11.857116 
Cl 0.510759 4.240289 -11.022049 
Cl 2.549259 12.689107 -1.712684 
Cl 11.849047 -6.272550 11.604929 
Cl 12.991931 7.302457 -10.870953 
Cl 1.109355 -0.687384 2.440960 
Cl 4.121804 12.823375 -6.318751 
Cl -4.763571 0.387638 -9.802930 
Cl -10.411786 -3.417681 10.405875 
Cl 5.029174 -12.295877 10.229250 
Cl -0.215991 10.440860 -9.362696 
Cl 6.721409 1.964393 7.160185 
Cl 1.395514 -10.157483 -7.009372 
Cl 11.175903 11.640380 -5.853159 
Cl 10.462947 12.123816 -12.880707 
Cl 0.132507 0.755801 -1.389550 
Cl -7.225878 -1.068297 -2.749170 
Cl -3.967803 12.818136 12.789077 
Cl 12.479490 4.259338 10.156688 
Cl -11.771759 -7.779459 9.266171 
Cl 11.986216 10.170503 6.601083 
Cl 10.306574 -12.413253 6.167080 
Cl 6.638688 12.765989 3.942130 
Cl 5.256730 0.460418 3.451552 
Cl 3.745734 -6.178193 11.848334 
Cl -5.312136 4.893403 -7.566951 
Cl 8.946721 -7.636811 -8.491744 
Cl 12.824321 12.590164 12.832645 
Cl -5.486602 -5.743400 -12.062655 
Cl -9.324980 2.798155 -6.812971 
Cl 1.650104 11.665616 11.953234 
